0,510
24,1
24,3
25,4
0,509
0,508
0,507
0,506
0,505
0,504
0,503
0,502
0,501
0,500
0,499
0,243
0,386
0,498
0,497
0,472
25,5
25,1
25,3
3,2
3,1
3,3
10,274
10,132
10,150
10,200
10,138
10,236
10,110
10,1
10,112
10,2
10,3
11,7
11,23
11,14
11,21
11,28
11,22
11,1
11,25
11,2
11,3
9,7
9,4
9,1
9,6
9,2
9,3
8,9
8,4
8,11
8,12
8,1
8,6
8,2
8,3
12,2
12,1
12,3
20,2
20,1
20,3
19,2
19,1
19,3
18,1
18,3
14,1
14,3
13,1
13,3
43,4
43,3
43,2
43,1
43,0
41,5
41,4
41,3
41,2
41,1
41,0
38,5
38,4
38,3
38,2
38,1
38,0
35,4
35,3
35,2
35,1
35,0
34,5
2,2
34,4
34,3
2,1
34,2
34,1
2,3
